1 12.239583333333332 1.166504976208321
2 5.357142857142857 1.2529127522237522
3 37.47697132949387 49.684305006998514
4 49.86056339019 43.643932935528284
5 43.74999251497218 43.65522372623782
6 31.24735139228772 52.0850979129206
7 43.736069152331545 49.76158545754478
8 49.91930664332018 56.25087123751592
9 49.84006559198106 43.578438441646554
10 37.47692773360165 49.68535121528366
11 37.477230822539525 49.6199157764991
12 37.47783038209944 49.47261654366445
13 37.47768347095804 49.50871771071116
14 49.85350338485583 49.71519042087358
15 49.92070455184603 56.25087024634697
16 49.92069860252515 52.0828191764246
17 81.2565376853963 55.06046213304154
18 93.76318891279873 55.04460692823616
19 87.50752393969543 68.75
20 87.50743109610636 55.05017071805098
21 93.75796969475628 55.044723795306666
22 81.25654441834408 55.065738418203466
23 87.50744654822395 55.060044055092234
24 49.394622802861775 5.8497088791848615
25 94.31181898420384 5.993983662054753
26 81.25 18.75
27 81.25 18.750000000000004
28 37.5 5.555555555555555
29 37.499487014550944 43.16860465116279
30 24.71027764560611 48.9689723529497
31 18.641889152974755 48.383232134274245
32 0.0 0.0
33 75.42179525245791 12.496544680733614
34 75.51664129853437 12.497836802911952
35 88.09239908119812 5.199579831932773
36 87.93432942282506 5.932885123581532
37 87.87235007682511 5.98262863360796
38 87.81369134131324 12.213435708640178
39 87.893462200286 5.9659179232084565
40 75.44751039492373 6.1172541555220885
41 75.43342442684502 6.102825259383184
42 75.28374838296573 12.355241504572685
43 87.78420522090887 6.144957983193278
44 81.25 12.498502403149656
45 87.76336339272058 5.982628633607961
46 88.0 5.0
47 75.3517580840772 6.12462892465975
48 81.25 6.145833333333333
49 81.25 12.494097319940193
50 81.25 12.493075306878326
51 81.25 12.499745854026838
52 5.625 12.25
53 75.52622606146727 12.47637354908612
54 75.30976550479693 12.467942160182817
55 75.52091919443444 6.135253592061466
56 49.92208360330982 12.465793243411198
57 49.895302786697215 43.33476509819215
58 81.58928571428571 5.803571428571429
59 87.6095510045561 94.209818677383
60 87.52264428767944 94.00139586379606
61 49.91054064909837 6.236342466291136
62 49.88438046722799 6.10937573276156
63 49.87033486974302 6.085787646129556
64 49.911738617323344 5.912932536792247
65 87.52368951886083 94.05266150179041
66 49.91529861678279 5.983723988865064
67 25.0 100.0
68 49.90030076767465 12.463063499482192
69 87.62782267019381 94.03068427852078
70 62.5 75.0
71 62.50000000000001 75.0
72 62.49999999999999 75.00000000000001
73 75.17463851127995 5.9752747252747245
74 75.06002762144222 12.43822957942567
75 87.53053415808773 93.77660400711584
76 75.20362487586162 5.906593406593407
77 62.499999999999986 75.0
78 49.94312540598263 12.486875078158231
79 75.0 5.860655737704918
80 75.0 5.881147540983607
81 75.0 12.383868243243246
82 94.64285714285714 5.357142857142857
83 37.49961159512011 52.08277191669052
84 37.49961159512011 52.08276895075201
85 37.4996115951201 52.08277179327111
86 49.92088109866874 52.07796320920204
87 62.49999999999999 6.249939367444376
88 43.74999251497218 43.719327078207044
89 43.74547008811039 49.74564745096107
90 49.839579294339465 43.626035122198765
91 49.83881035412802 49.721788200617304
92 49.85369254567791 49.75977833069164
93 49.92069887850762 52.082823773184096
94 43.73609924091999 49.77260340163383
95 43.73606915233155 49.761585457544776
96 49.92070143313722 52.08258339715823
97 49.92070192813094 52.08258258606281
98 31.24268023526151 62.50748220821339
99 37.494509560877205 52.083058329858595
100 49.920688553319096 56.25798059902046
101 31.242688553275507 62.507473733713006
102 43.73606915233154 49.772610151843224
103 49.92071357979255 52.0827274316466
104 56.25 6.237372687373606
105 43.74999245393011 43.71670280101623
106 43.75 52.08301770965098
107 31.242700466815382 56.25087058294227
108 43.75 52.08307559132172
109 43.73711986976658 49.736384791733265
110 43.74999999999999 52.08289748230288
111 31.246821697482314 52.08261170744176
112 49.92071508179886 52.08260825240435
113 49.92069890002797 52.08281282720579
114 56.25 12.499866335159044
115 56.25 12.499866335159046
116 43.74848034148174 49.74535832822537
117 43.7488787198624 43.7080746878345
118 43.73606915233154 49.761397474713625
119 37.476927733601656 49.684712180773246
120 49.84538337144402 49.73935952194044
121 49.857124923188 49.73003616971873
122 49.900261880507024 87.50925878418714
123 37.49961159512011 52.08305186935938
124 37.4996237506689 56.25569574389135
125 49.92068864500338 56.250870246346956
126 43.74999246928345 43.67116881683429
127 31.247354401999008 52.082803833669885
128 31.242808947453547 52.08280175924532
129 49.920688986740245 56.25087024634697
130 49.90402671061868 87.50925878418714
131 49.90130227950615 87.50925878418714
132 37.4915109957606 49.58304194386529
133 56.25 18.75
134 62.5 18.75
135 56.25 18.749999999999996
136 31.231230845064996 49.772063691632674
137 93.76317187467859 62.5
138 81.25655122128089 56.25597706708194
139 93.75668825772553 68.75
140 81.2565375734246 62.50000000000001
141 87.50753182105983 62.50000000000001
142 81.25653757342458 62.50000000000002
143 81.25673485070129 93.75669154268313
144 81.2567348507013 93.75669154268314
145 81.25672772387493 93.75668445418452
146 81.25672728563109 87.50693705924297
147 81.25654441834408 55.065813733858015
148 81.2566912198386 75.00105701110957
149 81.25653768539631 55.06879350675191
150 87.50753182105981 62.49999999999999
151 87.5075240868588 62.5
152 87.507449892479 56.25605234181214
153 93.76321650469924 55.05469899137431
154 93.76321650469923 55.05646508689039
155 81.25669121983861 75.00105701110958
156 87.5075318210598 62.5
157 81.25672017433571 87.50694091130552
158 75.01643887884596 55.042393647390135
159 75.01648933353505 55.06345221988871
160 81.25653757342454 62.500000000000014
161 93.75666489024564 55.04444165136359
162 68.71883098529283 93.79086194186993
163 43.74999256144861 43.68187965834842
164 49.84321100727667 49.66670822395112
165 49.8495088196939 49.666709141523995
166 49.84968636499474 43.681042279955065
167 43.74999256144861 43.68187965834842
168 49.84621720754164 43.68104227995507
169 12.5 5.46875
170 12.5 12.341772151898734
171 31.25 31.25
172 37.5 43.75
173 43.748487723369614 18.75
174 43.74845742229257 18.750000000000004
175 43.74946751451465 24.99990037997668
176 43.74776251646123 18.749999999999996
177 43.74945796550437 24.999898622141483
178 43.749392614970645 24.999886630389675
179 43.74947973530496 24.999902631618877
180 43.749392614970645 24.999886630389668
181 43.74939261497064 24.99988663038966
182 43.74940457911297 24.999888820588918
183 43.74940457911296 24.99988882058891
184 43.71687455289439 18.75
185 43.71048745121232 18.75
186 43.711866114789174 18.75
187 43.709005354288934 18.750000000000004
188 31.187333259219702 24.99940705316308
189 43.71270850711871 24.999900952535448
190 49.81543269084432 31.25
191 43.75 31.25
192 43.75 37.5
193 43.75000000000001 37.5
194 43.75 31.25
195 43.75 37.50000000000001
196 49.81484637901381 31.249999999999993
197 43.75 31.250000000000007
198 49.818933512888336 37.5
199 43.75 37.5
200 43.75 37.49999999999999
201 43.74999999999999 31.249999999999996
202 49.81921804784857 31.249999999999996
203 43.75000000000001 31.249999999999996
204 49.81475869808532 37.5
205 31.25 31.25
206 37.5 31.25
207 31.25 31.25
208 37.5 31.250000000000004
209 31.249999999999996 31.249999999999996
210 31.25 37.5
211 43.75000000000001 37.5
212 43.75 31.25
213 49.82829467019955 31.250000000000007
214 43.75 37.5
215 49.82275276648501 31.249999999999996
216 43.75000000000001 31.250000000000007
217 49.836022866569806 31.249999999999993
218 49.833043920078666 37.5
219 49.81985600071693 31.250000000000004
220 43.75 31.250000000000004
221 49.8321502319545 31.25
222 49.83169494395296 31.25
223 49.49877026345329 18.75
224 49.566129042018225 18.75
225 49.56246315308695 18.750000000000004
226 31.25 31.25
227 31.249999999999996 31.249999999999996
228 49.38420709757818 18.75
229 31.250000000000004 31.250000000000004
230 37.5 31.25
231 31.25 37.5
232 31.249999999999996 31.249999999999996
233 31.25 31.25
234 37.50000000000001 31.250000000000004
235 31.25 31.25
236 31.25 31.25
237 31.25 31.25
238 49.82903011519446 31.25
239 49.85426449888807 31.25
240 49.86067749480832 31.250000000000004
241 49.872192495082366 43.75
242 31.250000000000004 31.250000000000004
243 31.25 31.25
244 31.25 37.5
245 37.5 31.249999999999996
246 37.5 31.250000000000004
247 31.25 31.25
248 43.75 31.25
249 43.75 31.25
250 43.75 31.25
251 37.49999999999999 31.249999999999996
252 37.5 31.249999999999996
253 37.5 31.250000000000004
254 37.50000000000001 31.249999999999996
255 49.819473478359754 31.25
256 49.8594590951772 43.75000000000001
257 49.86762712054717 31.25
258 49.87329099243909 43.75
259 37.5 31.25
260 31.249999999999996 31.249999999999996
261 43.75 43.75
262 49.84296053605627 37.5
263 31.249999999999996 31.249999999999996
264 49.813070889573986 6.1946902654867255
265 49.507364061992945 12.5
266 49.682558826213075 24.999707358206116
267 31.171497643202873 24.98790445727247
268 31.171497643202876 24.99995265004356
269 31.179583636641116 24.999334628119577
270 68.2219315611512 53.73841702886839
271 95.3125 12.5
272 24.9898100456107 24.989125460674586
273 49.59550151988692 24.99924788149456
274 31.08231623195675 5.904273776132783
275 94.0 5.0
276 24.991272240228316 6.178449068271078
277 12.456293706293707 12.347560975609756
278 31.204590216450576 6.024636382037416
279 31.14555446094198 12.280869609306805
280 37.5 25.0
281 43.714508279377924 5.859375
282 6.041666666666667 18.541666666666668
283 12.336546027158885 11.946882472971305
284 43.75 6.064580615896268
285 49.394373476504356 18.75
286 49.52206888395422 24.998684561997113
287 12.417086784946694 24.96234679585408
288 18.75 12.5
289 18.74998199265586 24.98749881077371
290 37.49995172424125 24.904683476260335
291 37.49995765238373 18.74990114838473
292 37.49998387050915 24.929421753930452
293 31.249975241342227 18.74935710293688
294 37.49154785248979 12.375427767994328
295 37.49077096818502 6.131184499146965
296 37.49125098090493 12.488669956531577
297 31.25 18.75
298 43.75 12.470997679814385
299 49.28744352542599 24.998639911625514
300 43.75 12.5
301 37.49999122408092 18.75
302 43.75 12.499999999999998
303 31.242775696452874 12.43626931869951
304 31.228852646105185 5.837767111008299
305 18.75 5.9471803018268465
306 12.292647170450044 11.911212624285739
307 31.25 5.555555555555555
308 37.49303916447746 6.083962953936144
309 24.97587706849626 6.172839506172839
310 18.748949893088483 6.165612378612966
311 24.98574281758753 24.973756352541436
312 24.98526608693808 24.97261050327641
313 24.98263108249536 24.977620127025958
314 31.24879789765753 18.70165789686018
315 18.749977107023344 12.44658975837498
316 37.49999718583021 24.92152005041533
317 37.49999760349076 24.963945150951705
318 24.981506815306272 18.75
319 18.74959667014351 18.74951980754413
320 24.98314059765402 24.9698897676767
321 18.749440715702455 18.749328293105208
322 18.75 24.97151473500679
323 37.49999984825429 18.65671641791045
324 24.984055479555316 24.970038973755923
325 24.983052460096506 18.749999999999996
326 24.984831910763425 24.970059641939756
327 24.98483191076343 24.97005964193976
328 24.9848386088905 6.2035180078549335
329 24.984657820977272 12.44888574807877
330 24.984237287806103 18.75
331 24.9842372878061 18.749999999999996
332 18.749459357124223 18.749353380826253
333 24.983997504907517 18.75
334 18.74967162571326 18.749607478182355
335 24.985765705790214 12.450182005645399
336 24.985312247282973 12.450504979674909
337 24.98573759800432 18.75
338 24.982543417773876 18.75
339 24.982995955630166 18.75
340 18.749620724438493 24.974599977493945
341 18.749397294848865 12.460668168610528
342 18.74962458530817 24.968430746964916
343 18.749611145333915 24.970134347477803
344 24.98015718702386 6.2015445639762
345 24.9798622565199 6.200793316906064
346 18.749498232621633 24.97086238363745
347 18.749626429840696 24.97272661422285
348 18.749992208934884 18.74980864131395
349 24.980999568577214 12.46332136520611
350 24.981338464291625 12.463979866291966
351 24.983239189597548 18.75
352 18.749975677449903 24.97709095864879
353 18.694481246597505 12.43575723250949
354 12.415828083321905 24.967607051775897
355 12.428645466047353 18.700822352446203
356 37.496167583369584 12.490162615910972
357 31.249960436788683 24.965323138311028
358 31.249960904100085 24.975105169880063
359 43.67437586210357 18.75
360 43.680102090420164 18.75
361 24.983731290539566 12.49291974278259
362 37.499996895104026 18.6554868722892
363 37.499997502753544 18.674389497831363
364 37.49999305005563 18.74738271338647
365 18.75 6.089743589743589
366 37.49998961618789 18.745848232158664
367 24.976815346430296 12.497450192218425
368 24.970060163385668 12.49945571766752
369 18.750000000000004 6.140786338363782
370 37.499996955499135 24.91267264475423
371 37.49999695549914 24.91267264475423
372 12.423162446114615 18.7413726122171
373 43.74999307116787 43.33106265527828
374 49.34669511685536 18.750000000000004
375 49.320381588860094 18.75
376 37.49729102982357 12.482841477404794
377 31.249979351460432 18.749464252447403
378 37.49758675850865 12.4884885512591
379 37.49429018660195 12.431542453856224
380 37.493882989042824 12.424917285302335
381 31.249975842388576 18.749372783353056
382 31.221153846153847 12.413995798105494
383 31.249976961013164 18.749401956220353
384 31.249973599253927 18.749314243132673
385 49.25706980200078 24.998700488197798
386 49.413344892733875 24.998785767131164
387 49.375198713006334 24.998580342344216
388 37.49999896769919 5.973117196939187
389 43.75 6.074855619550449
390 43.75 6.003969229772451
391 37.49999991933245 6.0133910592025765
392 43.75 6.0905443131446315
393 37.5 5.0
394 12.388823630707446 24.90939031241998
395 12.398119542891703 24.948604134097806
396 12.396311445255755 18.666666666666668
397 18.74915235802457 6.165829762157281
398 18.712989863544117 18.74944071702199
399 18.713855117680275 24.975776439371547
400 12.432915859686211 24.89662202921222
401 12.409530961737971 24.965225683908596
402 12.39121558206436 24.911300267835124
403 6.154580152671755 24.93979862910973
404 18.71859829989997 6.187449545340377
405 18.70499068055983 6.191524790946914
406 12.5 12.25
407 18.703016357022502 6.1887526678732705
408 18.749388110611335 12.44516870704016
409 18.74997779120005 12.448673377852506
410 31.170862938518113 18.670274150593166
411 24.972625050201742 12.450821997414659
412 18.74997709861875 12.446206029914817
413 18.74961040772923 18.71904839948165
414 18.74960069260689 18.71827460946869
415 18.749625616909693 18.720349208107717
416 12.448354481171709 18.666333739281775
417 12.44571784272313 18.661871538710137
418 18.708270581949428 12.452946276671494
419 12.457739893915992 18.696626919479655
420 18.697176254332582 12.44277440275273
421 6.172839506172839 18.67283950617284
422 12.453297218401556 18.61553320578861
423 18.702163478862634 6.154189863060253
424 49.52521216423499 24.99931716954339
425 81.25 12.5
426 5.357142857142857 12.5
427 5.882352941176471 24.816634505847798
428 12.24591509469447 12.172895902380965
429 30.97826086956522 5.706521739130435
430 43.75 6.230388629348578
431 37.5 43.75
432 31.25 31.25
433 94.34778444643084 5.170157068062827
434 37.5 43.740844515724085
435 31.123995519840705 5.189873417721519
436 12.497645712833702 11.906627205199628
437 49.218846790118235 12.499645779436468
438 37.49999593179136 18.749904086721024
439 18.75 43.75
440 12.5 5.46875
441 24.879786118333836 48.224116552528535
442 12.5 18.75
443 31.25 31.25
444 87.59038322487346 12.5
445 49.1463510174569 6.095342066957787
446 12.488177555696916 93.93601298287304
447 12.5 94.53125
448 43.75 5.288461538461538
449 12.5 5.0
450 94.42822285113533 5.938327936414483
451 94.40126165488405 5.89923093906388
452 49.13263515463461 12.49304951000936
453 43.748346834879065 12.497955250281763
454 31.25 24.95899456510518
455 43.74987149408662 12.497689067883254
456 37.49999600531802 18.74808173442044
457 37.49833281989213 12.5
458 24.76547168529953 48.31128969625255
459 6.09375 24.861644920423892
460 12.494761056287517 5.416666666666667
461 24.78920789330465 43.7192786554348
462 18.70284213382091 43.72569524723843
463 5.949081809199672 37.462133079487515
464 5.944995509875312 31.151600338908235
465 5.9534429653307805 37.398443306707335
466 5.654761904761905 24.81251941336791
467 5.700292845868911 69.0081351689612
468 31.238239581851797 5.917721518987342
469 43.71393127291921 12.497437478111772
470 43.713917751266 12.497437478111772
471 12.470579282395855 93.8802272002782
472 12.468438624055635 93.8802272002782
473 12.456376323402704 87.67258977613781
474 12.456376323402703 87.67258977613778
475 94.21609628399948 5.791884816753926
476 24.883458166489312 43.745696078273696
477 24.887451492030568 43.74837697908415
478 24.87924740323027 48.18553947014375
479 24.89651753020462 43.6496257551161
480 24.790207088323804 48.30647537990417
481 12.5 94.79166666666667
482 12.083333333333334 5.208333333333333
483 49.1400212625769 12.496746312523808
484 49.15988954679564 18.75
485 31.25 18.625
486 31.25 24.946046474180566
487 24.88068526487219 43.74593576524832
488 24.858187316606887 43.74673256300702
489 24.868270355462936 43.74771029734959
490 6.146761573570964 24.945941901943765
491 5.60883503586177 24.88049779984256
492 31.066176470588236 12.316176470588236
493 24.775042240372745 48.30789536538296
494 18.69283324012096 48.42785274059213
495 18.69283324012096 48.42785185967091
496 18.692833240120965 48.42785270301761
497 18.69283324012096 48.42791445099471
498 18.69327287728675 48.35807111942184
499 18.69327287728675 48.35807130946953
500 24.775907359462526 48.18081247353009
501 24.81215546049915 43.747944525873315
502 49.11396508966498 18.749999999999996
503 100.0 25.0
504 43.74848849291436 12.498092109308391
505 43.68055555555556 6.180555555555555
506 43.74848849291436 12.49809210930839
507 49.174667310854936 12.497135025323367
508 49.13970112077192 12.499726424736572
509 5.725767396472839 30.996064013556328
510 6.060541036288545 18.6295335289075
511 5.933114698155092 18.634887594289395
512 5.930213194435418 31.06766216518096
513 6.0546875 81.25
514 5.998607816475433 18.65912178496531
515 5.964139448255666 18.646398834860452
516 5.94124066454952 31.14669720593046
517 6.087596609935045 43.590892242864705
518 6.107048274709377 43.604861800899634
519 12.19625246094353 37.5
520 6.107048274709377 43.729861800899634
521 5.629797593559918 68.95337922403004
522 5.994186461596627 37.39425583375689
523 5.921052631578948 18.75
524 5.9375 75.20681979637995
525 12.134313745254957 87.52625527267415
526 12.134313745254957 87.52625527267416
527 5.8891075408337885 87.7248145419196
528 5.889107540833789 87.7248145419196
529 6.001618694956827 87.7658548238049
530 18.692313327669332 43.52315578967329
531 24.776997563220966 48.25691604205572
532 18.637424292141272 48.38966310386645
533 43.75 5.0
534 5.902777777777778 81.25
535 5.5625 87.8125
536 12.48911090656295 94.0858014315936
537 31.25 31.25
538 37.5 24.928187935348106
539 49.19172119163688 6.127450980392157
540 31.24971606159586 5.982389502762431
541 12.236018430726006 12.14547481455268
542 31.048387096774192 12.247731434110614
543 75.36448603541648 25.0
544 12.5 5.0
545 87.5 5.0
546 56.25000000000001 6.2499479305549155
547 31.23561454127034 56.25086959364348
548 56.25000000000001 6.249948035533633
549 31.22848400782096 62.50039568246089
550 31.249911119250175 52.084777110018344
551 31.248503830134954 52.07715567565942
552 49.92026992327112 62.50003403912724
553 49.89410962179751 75.00472159244738
554 31.24573346975613 68.75719224097436
555 49.8895359508487 75.01131880347653
556 49.90673699093605 75.00311405201117
557 62.49999999999999 6.2499394937622
558 49.897702167677544 75.01131880347651
559 56.25 12.499866603064413
560 31.22852033014663 56.250869593643486
561 49.92060074791407 56.25087123751593
562 31.242692162384262 56.250871574494624
563 31.242692162384266 56.25087157449459
564 56.25000000000001 6.249948035533634
565 62.499999999999986 6.249939493762201
566 62.5 12.499847471098164
567 62.499999999999986 6.249939493762201
568 68.05352389067836 6.235250456466692
569 49.89802285658389 81.25850357285486
570 49.898023242598654 81.25850357285486
571 31.24268023526151 62.50748220821339
572 49.89802320638689 81.25850357285485
573 62.500000000000014 6.236972939846175
574 49.88980545941242 75.01130784089884
575 49.845008391772886 49.76436864957291
576 37.48064141083319 49.76387081465709
577 43.744910884911405 49.77715345419447
578 31.231230845065 49.7722685912639
579 31.23127409841049 49.77278442101585
580 31.23110071144974 49.77274161715504
581 49.90819854931253 87.50929699256537
582 31.242834191283894 68.75719224097435
583 49.90605064467243 81.2585150177712
584 49.876284774062306 75.01119882514207
585 43.74132292010772 81.25852660300136
586 43.74147147102581 75.00261519262403
587 43.69022742994509 81.25852660300136
588 31.230401921027386 62.50743164753785
589 31.185279359324362 49.63067028177765
590 31.12215696236231 49.63930438948831
591 31.11274657904518 43.71757310767341
592 31.013740819022857 49.64295600534627
593 31.0508914483831 49.62674559758145
594 31.01533432422265 49.71440014213114
595 81.25672772387493 93.75668445418454
596 93.76317187467856 62.500000000000014
597 93.7641561950238 75.00055043346129
598 93.76317187467855 62.5
599 93.76415619502379 75.00055043346131
600 93.7641561950238 75.00055043346131
601 93.76417162272448 81.25001377872863
602 93.76317187467856 62.50000000000001
603 81.25672772387492 93.75668445418452
604 81.25670590029597 81.25
605 87.50753034673009 87.50742416406526
606 75.01557026046126 87.50027829130946
607 81.25669121983861 75.00105701110958
608 75.01557026046126 87.50027829130946
609 75.01550656420511 87.50027714568945
610 94.44444444444444 87.6056338028169
611 94.53125 93.90625
612 68.74945325868457 56.25
613 68.74125378380862 56.24999999999999
614 70.79831890827906 56.25
615 70.78800821558045 56.24999999999999
616 68.74942799846325 56.25
617 70.80515715894705 56.25
618 68.74052875411573 54.13502413113352
619 70.81047112899388 56.25
620 68.741293009896 56.25
621 70.80300660963667 56.25000000000001
622 75.0 50.0
623 68.74934093471404 56.24999999999999
624 70.78469703798783 54.15485912860188
625 70.78583210790954 54.156193960125115
626 70.78551171279176 54.156315345837186
627 68.74948366245512 56.25000000000001
628 68.74948366245512 56.25
629 68.74173118607386 56.25
630 68.73815863219119 54.13473611321959
631 68.74173118632652 56.25
632 70.82608394541606 56.25000000000001
633 37.48209169054441 87.5
634 12.29933278279858 81.39804964539007
635 12.417389874056132 81.39804964539007
636 12.306662026453584 81.26167257683215
637 12.306662026453584 81.36063091016548
638 12.420655969793227 81.3918809101655
639 31.071428571428573 93.92857142857143
640 37.48209169054441 87.5
641 68.75092156349477 12.499999999999998
642 68.78354700569324 18.75
643 68.1992113436561 25.0
644 71.07031067811555 53.747086715584075
645 93.75 4.166666666666667
646 24.903651474902308 37.5
647 12.435438167123298 24.906863704142847
648 68.79612707428632 18.750000000000004
649 75.2028579630559 25.0
650 68.77673443390191 6.25
651 68.76237746289003 25.0
652 68.79761883301234 6.250000000000002
653 68.77104321405825 18.75
654 68.26473154957331 18.75
655 68.79036193620162 18.75
656 68.77131790755914 18.75
657 68.77044110424241 6.249999999999999
658 68.76148070479735 6.249999999999999
659 68.75977474515166 6.249999999999999
660 68.26319602428018 25.0
661 68.78793086980518 12.5
662 68.77975703453403 25.0
663 68.26431054720257 25.0
664 68.78765503012214 18.75
665 81.25 31.25
666 31.25 31.25
667 81.57894736842105 25.0
668 5.681818181818182 11.931818181818182
669 68.84206057515719 18.749999999999996
670 81.25 31.25
671 37.5 6.192660550458716
672 37.49999999999999 5.6766055045871555
673 81.69642857142857 5.357142857142857
674 31.243758357512494 12.317817794902528
675 37.49132985979582 12.37638965100065
676 5.932329096813204 37.29583765844808
677 5.71621954221019 24.994816280688056
678 5.900812207728279 24.986359314885807
679 5.865451011931772 37.47876694236096
680 5.72850025919631 37.36976093854184
681 5.833333333333333 24.981977302973384
682 75.52352087963504 5.555555555555555
683 68.7667055169211 12.5
684 68.77319940713764 6.25
685 68.8423988446591 6.249999999999999
686 68.2165156724133 18.75
687 68.76651526759804 6.25
688 37.5 43.642740724895646
689 68.21932548009602 25.0
690 37.5 43.62665183362999
691 31.25 75.0
692 68.7654732951486 18.75
693 68.7614521312465 6.25
694 31.250000000000004 75.00000000000001
695 5.769230769230769 52.54857068716718
696 37.5 75.0
697 68.82706595701889 6.25
698 68.22093143381942 25.000000000000004
699 68.77039669636389 12.499999999999998
700 37.5 75.0
701 31.250000000000004 75.0
702 68.75113010362941 6.249999999999999
703 68.75307027204342 6.250000000000001
704 68.85546153369535 18.75
705 68.77225422935759 6.250000000000001
706 50.0 95.83333333333333
707 68.78299404649324 6.250000000000001
708 68.80689916955734 18.75
709 24.67287192452273 37.5
710 24.926873321601747 37.5
711 31.25 43.60210803679556
712 31.23808155731468 43.74859013511624
713 24.603221663424335 37.5
714 12.397920981806708 53.39878396181376
715 18.7492898576874 56.25994507354115
716 25.0 5.208333333333333
717 12.35313730967671 37.396147088654494
718 18.749236165756226 43.72850808386852
719 18.74992142073912 43.74892540419343
720 6.119846805833358 48.73725832381671
721 5.208333333333333 5.208333333333333
722 4.6875 94.0625
723 25.0 5.208333333333333
724 25.0 5.208333333333333
725 12.386503381397802 53.542033146717564
726 12.370563981104743 43.65796849671283
727 5.923850887059424 87.84896585689341
728 12.5 5.208333333333333
729 6.041666666666667 5.208333333333333
730 12.403861957248026 56.31752383478819
731 12.401665933453765 56.32229824734897
732 12.38458441299464 53.60411771034169
733 18.650793650793652 43.65079365079365
734 12.352084022541076 43.68689628706998
735 18.74995624613475 43.729677664420045
736 12.215606454397621 31.17475931769923
737 18.749999726620658 43.749939696333584
738 12.493725010091044 43.75
739 6.119791666666667 43.68110156330069
740 6.12823467149118 48.178992297782344
741 6.076890856467566 48.293599079458275
742 12.46033563620384 43.74838195607872
743 18.75 43.706340423172534
744 6.1219720887315985 48.38809966170815
745 5.993283949656088 53.605878306588174
746 12.478347027423895 43.75
747 12.486507150372809 43.75
748 12.5 62.5
749 12.353186763643315 49.23012110701681
750 18.75 37.477503113025165
751 18.66088023129654 31.164980351363322
752 6.0344827586206895 62.63017566989415
753 24.797264296068203 37.49777051644431
754 24.79555924683203 31.248828203761477
755 24.799603405234148 31.249445332240846
756 24.795877760968825 31.24878841634448
757 24.79206820211372 31.24944533224086
758 24.797793403996646 31.24944533224085
759 6.083333333333333 43.666666666666664
760 5.921052631578948 31.140350877192983
761 24.79864267300665 31.249445332240853
762 18.648361022578662 31.151210176374047
763 18.659322063947954 31.163681112949746
764 12.467135008749093 49.01369602417948
765 18.74925491807064 53.28767746861455
766 18.720863345761916 53.222912398834254
767 18.749356423506907 53.303859196732596
768 18.749259602548275 53.2192198445919
769 18.74923144558578 56.255363293513824
770 18.749259602548275 53.21876893192481
771 18.725281826266553 56.354481395262326
772 18.749259602548275 53.22030438364983
773 18.749216869463982 56.25546545148552
774 18.725281826266556 56.342942350756324
775 18.74913770892899 56.29531937369526
776 18.74923144558578 56.2936589304082
777 18.72016104925487 56.32286453788483
778 24.925800710821033 53.25199988295309
779 18.74928643978917 53.282040366529635
780 12.441555995975111 53.4424390761515
781 18.74930091962495 53.27790475222126
782 12.447264466795733 53.47183348503967
783 24.926797579130444 53.24875513337159
784 24.927075770440155 53.256941364891695
785 12.441461413889717 53.484336342275164
786 24.926806494465772 53.24586526215138
787 24.92753664078999 53.25311468851961
788 12.445938516756238 53.253477687442235
789 24.92681247210748 53.24524151133987
790 24.92550860348254 53.234473415804736
791 12.443754462723984 53.290535511915195
792 12.429189233308216 56.256737360520326
793 12.364525217775805 56.31957821555049
794 12.3645252177758 56.31957821555048
795 12.364525217775801 56.31957821555048
796 12.364525217775801 56.31957821555049
797 12.36055841498338 56.34915339073287
798 5.902777777777778 69.09722222222223
799 12.307603992557945 31.154100950570665
800 18.75 48.41839844302294
801 18.749997413568018 43.74921605233668
802 12.5 62.5
803 12.5 62.5
804 24.688554835480108 37.49989133432593
805 24.621583601525185 37.499136974153096
806 6.015441348310936 68.95032498715688
807 5.905897426028095 68.91612316008131
808 5.8486342059442125 68.94460141609524
809 12.35291206039821 56.37783578608826
810 6.050659400019845 53.675261410795414
811 5.907088415637048 68.98024316109422
812 5.9523809523809526 81.54761904761905
813 5.9498435713002955 87.82288298789385
814 5.98315849550652 68.99924012158054
815 12.342934131524727 53.601935995446844
816 6.110893031321785 53.652581736911515
817 12.32756579375932 49.313030258621836
818 6.116142350894549 53.27885934912138
819 12.347614143267235 49.38886656189716
820 12.345921200579811 49.382191437507885
821 12.34592120057981 49.38219143750788
822 6.028766411383157 53.536031431655985
823 6.099805523716672 49.230243978562676
824 6.098137362853087 49.22221938501035
825 6.098137362853087 49.222219385010355
826 5.769230769230769 69.23076923076923
827 4.6875 87.5
828 4.166666666666667 4.166666666666667
829 4.6875 95.3125
830 4.166666666666667 12.5
831 4.166666666666667 11.666666666666666
832 4.166666666666667 5.833333333333333
833 12.26915040545681 37.3920919885197
834 12.275160454073333 37.395501788951364
835 5.625 88.125
836 6.12701469903782 53.68015249532465
837 6.030718445959361 56.46551724137932
838 6.030718445959362 56.46551724137931
839 6.084996776926941 48.34602877505856
840 12.214002927630627 31.14717136598162
841 6.0546875 48.36524021714514
842 24.671873074818148 37.49812413804024
843 6.024453745442809 43.64220007665773
844 18.64177679932786 37.47979540608621
845 6.125182202760523 56.362526869576534
846 6.136016178673141 56.35259802814331
847 6.142252793943655 56.3468981376909
848 6.136016178673141 56.35259802814331
849 6.142252793943654 56.3468981376909
850 6.142252793943654 56.34689813769091
851 6.118956446221242 56.36824857480924
852 24.763411736663215 37.49777187278047
853 6.106986471810356 62.626935122388794
854 6.064702145629119 62.66332231044301
855 18.65619224862198 37.48245367140266
856 5.46875 51.46583965737119
857 12.240536811341562 37.37906064773317
858 12.247112979470367 31.142246366514556
859 24.74824105011678 31.19858060725666
860 18.651047841512636 31.153410647730027
861 18.63523804729267 31.160672284899963
862 24.644089846606658 31.180016743499653
863 18.63468032193429 31.138595765651836
864 24.63172231078384 31.18415463486731
865 12.302896035774932 31.134756202090806
866 18.619426659254465 31.123574056443168
867 18.685090876943192 31.18835155278592
868 12.318077360131156 31.132750405755495
869 12.376807421182999 37.40622444259309
870 18.64878233305923 31.151181662677644
871 18.690872462398477 37.388681474107486
872 12.364669714107828 31.138460462570432
873 12.343937349276176 43.71292998611586
874 18.634036290487323 37.37532536404511
875 18.68566577849331 37.38173086677957
876 6.102941176470588 43.66466954605792
877 12.269201313994758 37.39209198851971
878 12.276256676498202 31.195126800393698
879 12.351432767198514 43.74931746667238
880 18.682982332760044 37.443551202466445
881 12.361226896703181 43.742705347588796
882 12.332351503150447 48.7940244937428
883 12.336126562909854 48.754153313712784
884 6.104480087982501 43.74880222307398
885 6.10447673163916 43.74880222307397
886 12.328030308717654 37.41483438490307
887 12.328598541546182 37.40425347613529
888 18.71584304207418 53.21139027630866
889 5.0 12.0
890 71.34912918450381 54.07425474892475
891 37.49962332489029 56.25406664876896
892 31.24280076657669 52.08481118696339
893 62.49999999999999 12.499847787093431
894 68.05445424344391 6.249922001065131
895 62.50000000000001 24.998991343859586
896 62.5 24.998986986287985
897 56.24999999999999 24.99898269407228
898 56.250000000000014 24.99898064410989
899 56.249999999999986 18.75
900 43.75 52.092288712428775
901 43.75 56.25846189601496
902 37.4996237506689 56.250886894867605
903 37.499623750668896 56.250886894867605
904 43.75 56.25087001793841
905 37.499611595120115 52.09578868425493
906 49.920631890439786 68.7571840030687
907 43.74844381315102 75.0025924314262
908 49.92063189043979 68.7571840030687
909 37.49965700195534 68.75
910 31.24994448089558 68.75720044193326
911 31.24994448089557 68.75720044193326
912 37.49962332489027 56.25431966574575
913 37.49965781439717 62.50000456882783
914 37.49962332489027 56.253936412258554
915 37.49961203422801 52.09442642941354
916 43.75 56.250870017938425
917 43.75 56.250870017938425
918 43.749999999999986 56.25087001793842
919 37.49966011128037 62.50000453989908
920 37.49966011128038 62.50000453989909
921 37.49965896670607 62.50000455431772
922 37.499658966706065 62.50000455431772
923 43.75000000000001 52.094787427003475
924 43.75000000000001 52.09446978493237
925 43.749999999999986 56.25087100771992
926 43.749999999999986 56.25087001793841
927 37.49962332489028 56.253804916136765
928 31.242800766576682 52.08493481108156
929 31.242800766576686 52.08484983940052
930 43.73801540773438 75.00260273170291
931 31.24269216238425 56.257420549437654
932 31.24269216238426 56.251725788617605
933 31.24269216238426 56.25087157449459
934 62.50000000000001 6.2499394937622
935 49.86782780213224 75.0029598592744
936 49.91930810663831 56.25086925743067
937 43.74999999999999 52.09410328026721
938 31.249944480895575 68.75720044193328
939 62.49999999999999 12.499847471098166
940 37.49961159512012 52.095302964496376
941 56.249999999999986 6.249947930554915
942 37.499656611668534 68.74999999999999
943 37.49965700195534 68.75
944 37.49965973061018 62.50000454469517
945 37.49962332489029 56.25280198525656
946 37.49965739135597 68.75
947 62.499999999999986 12.499847787093431
948 37.499657814397175 62.50000456882783
949 37.49962332489028 56.25406832169736
950 37.499657001955335 68.75
951 37.49965819936437 62.50000456398091
952 43.749070087920984 75.00262008500974
953 37.49965781439717 62.50000456882785
954 43.75 56.25106277444704
955 37.49965622049251 68.75
956 37.49961203422801 52.09441711530222
957 87.5082167603913 75.00065339705209
958 75.01655776814056 68.75
959 75.01657521524875 62.50000000000001
960 87.50750073707063 68.74999999999999
961 87.50750845536209 68.75000000000001
962 75.01655776814056 68.75
963 75.01645634547864 56.25595347625224
964 81.25669883400717 81.24999999999999
965 75.01628599146122 56.25587514103839
966 81.25669883400717 81.25
967 87.50753182105981 62.50000000000001
968 87.50753182105983 62.5
969 93.75669541764307 62.5
970 87.50753182105983 62.49999999999999
971 75.01648987926055 56.2559657136135
972 81.25653768539631 55.06848129798889
973 75.01647309530566 56.25595958865085
974 81.25654448827535 56.25597091783596
975 81.25654448827535 56.25597091783596
976 81.25654441834409 55.066974972413746
977 87.50809978910758 81.25001157535304
978 75.01622708988727 68.75
979 75.01655859988321 62.499999999999986
980 87.50824397130877 75.0006555594885
981 75.01648987926053 56.255965713613485
982 75.01648987926053 56.25596571361349
983 93.7632416669173 56.25604632027692
984 93.76314438969732 68.75000000000001
985 93.76325547468703 56.25605263167596
986 81.25654448827535 56.25597091783597
987 75.01654091450273 68.75000000000001
988 87.50769666013694 55.06504543244906
989 81.25672772387495 93.76330521689637
990 81.25672017433571 87.50692974882222
991 81.2567201743357 87.5069297488222
992 87.50768636813459 56.25597746748044
993 81.25653757342454 62.49999999999999
994 81.25653764270093 68.75
995 75.01655859988321 62.49999999999999
996 81.25653757342457 62.500000000000014
997 87.50749303463068 68.75000000000001
998 87.50822636930265 75.00166243866417
999 87.50822688361642 75.00065212011
1000 87.50749303463067 68.75000000000003
1001 81.25653757342454 62.49999999999999
1002 81.25653085379899 68.75
1003 75.01611067966222 55.05620724223428
1004 75.01634331372338 56.25582795115053
1005 75.01645634547862 56.25595347625223
1006 37.4808025900096 87.5
1007 93.94066822134863 87.68468749280042
1008 93.94567860661262 87.53183028714378
1009 93.9453125 93.9453125
1010 93.95653165848043 87.53355002946078
1011 87.5 81.25
1012 87.54091065788181 87.5
1013 68.75405541164099 37.5
1014 68.75330412228301 31.249999999999993
1015 68.40926636963854 31.25
1016 62.5 31.25
1017 62.5 37.5
1018 56.24999999999999 37.5
1019 56.25000000000001 31.249999999999996
1020 62.50000000000003 31.250000000000014
1021 56.25000000000001 31.25
1022 62.500000000000014 31.250000000000007
1023 62.50000000000001 37.5
1024 68.76543547048543 37.50000000000001
1025 68.76418425419787 31.249999999999996
1026 56.25000000000001 37.50000000000001
1027 68.40110026753965 37.5
1028 68.76966654407882 31.249999999999996
1029 56.25000000000001 43.75000000000001
1030 62.5 31.25
1031 68.40365285045651 31.25
1032 68.78386898108734 37.5
1033 68.41985390078993 43.75
1034 56.25 49.99998875456935
1035 56.249999999999986 49.99998865652962
1036 68.38072343116168 31.25
1037 56.24999999999999 31.249999999999996
1038 56.250000000000014 31.250000000000004
1039 56.24999999999999 31.250000000000004
1040 56.25000000000001 37.5
1041 56.25000000000001 37.5
1042 56.25000000000001 31.250000000000007
1043 56.25 43.75
1044 56.25 31.250000000000004
1045 56.24999999999999 31.25
1046 56.25000000000001 31.249999999999996
1047 56.24999999999999 31.25
1048 62.5 31.25
1049 62.50000000000001 31.250000000000004
1050 56.249999999999986 31.25
1051 62.5 31.25
1052 62.5 31.25
1053 56.24999999999999 31.25
1054 56.25000000000001 49.99998177364892
1055 62.5 43.75
1056 56.24999999999999 43.75000000000001
1057 56.25 49.999984424937246
1058 62.5 49.99998342143535
1059 62.5 43.75
1060 56.24999999999999 49.99998203313045
1061 56.250000000000014 43.75000000000002
1062 56.25000000000001 49.99998244210793
1063 56.25 49.999982163167374
1064 62.5 49.999982897692604
1065 62.5 49.99998274882662
1066 56.25000000000002 43.75
1067 62.5 31.25
1068 56.25 49.999981347356496
1069 56.25 43.75
1070 62.5 31.25
1071 56.24999999999999 43.75
1072 56.25 43.74999999999999
1073 56.25 93.75265957446808
1074 68.4416921629276 43.75
1075 68.76883347453867 43.75
1076 68.75210394841815 31.249999999999996
1077 56.24999999999999 31.249999999999996
1078 62.50000000000001 31.250000000000004
1079 56.24999999999999 43.74999999999999
1080 56.25000000000001 43.75000000000001
1081 68.39018301248055 31.25
1082 56.25 31.25
1083 56.25 43.75
1084 62.50000000000001 43.75
1085 62.49999999999999 43.75
1086 56.24999999999999 43.749999999999986
1087 68.76260976734444 31.250000000000004
1088 68.75165375374816 31.250000000000004
1089 68.40483607732189 31.250000000000004
1090 56.25 87.50027556877087
1091 62.5 87.50422041035397
1092 62.5 31.25
1093 68.80511139313869 43.75
1094 68.4067900101967 37.5
1095 68.40636350718714 31.25
1096 68.41100258932855 31.25
1097 68.7514951575986 31.249999999999993
1098 68.41016987002027 31.24999999999999
1099 68.40797139742442 31.250000000000004
1100 68.75180599056182 31.250000000000004
1101 68.41191886748682 31.249999999999996
1102 68.40692090708134 37.49999999999999
1103 68.40455759924839 31.250000000000004
1104 68.40399011247568 31.249999999999996
1105 75.0 50.0
1106 56.25 49.999986926979695
1107 68.77090438171547 49.999991405551086
1108 68.79681555063065 49.99999188673155
1109 68.4418247165132 49.99999164872415
1110 75.0 50.0
1111 68.76058298371905 43.75000000000001
1112 68.74773767900543 81.25
1113 68.78134468981068 31.25
1114 68.44581068287435 49.99999176573415
1115 68.76372767226503 31.25
1116 62.5 81.25
1117 68.76795080421533 49.99999126713084
1118 68.44768391564725 49.99999113713302
1119 68.75339951264854 43.75
1120 68.410860132674 49.99998992547074
1121 56.25 56.25
1122 75.0 50.0
1123 68.67785040372388 53.81395789110843
1124 5.85548561056257 31.25
1125 68.75658737383593 49.9999903535367
1126 68.78676130400343 49.99999230186883
1127 75.31011157966049 25.0
1128 3.125 5.625
1129 68.73737561186442 81.25
1130 68.73451115309004 81.25000000000001
1131 68.74783190421614 81.24999999999999
1132 68.7334030147377 81.25000000000001
1133 56.25 87.5005099373117
1134 56.25000000000001 93.75265957446808
1135 56.25 87.50054748532786
1136 68.66801911221411 62.5
1137 94.140625 87.56038647342996
1138 68.74997911486271 75.0000548835636
1139 56.25 43.75
1140 56.25 56.25
1141 56.25 93.8776595744681
1142 62.5 93.85588700366449
1143 62.50000000000001 93.87157396717032
1144 62.5 93.83753325636265
1145 68.79632554706117 31.250000000000004
1146 56.25 56.25
1147 68.80801849802786 43.75
1148 62.5 87.50932932815087
1149 68.74994728544934 68.75
1150 68.74996214327732 68.74999999999999
1151 68.74717553338171 62.5
1152 71.50244201176197 62.5
1153 68.68240947039777 62.5
1154 68.40961232016026 43.75000000000001
1155 56.25 49.99998752832179
1156 68.41543664490119 49.99998980589339
1157 68.41899676176789 43.75
1158 68.40807591813046 43.75
1159 68.40630039956909 49.999990409008916
1160 56.25000000000001 49.99998879763832
1161 68.40498342944841 49.99999014657868
1162 68.40630950577608 43.74999999999999
1163 68.41590997473541 43.74999999999999
1164 56.24999999999999 49.999988651452135
1165 62.5 49.9999891831277
1166 68.41446269345833 43.75
1167 68.75645703684764 31.25
1168 68.4243495606237 43.75
1169 56.25 56.25
1170 68.75165043248138 31.250000000000004
1171 56.25 62.5
1172 68.20562867100841 18.750000000000004
1173 68.18827509054304 18.75
1174 68.16958856904066 18.75
1175 62.5 31.25
1176 68.19407184548392 18.750000000000004
1177 68.17415870607815 12.5
1178 68.26225029396021 18.75
1179 56.249999999999986 43.74999999999999
1180 62.5 31.25
1181 68.75 18.75
1182 62.5 31.25
1183 68.40559921761016 37.5
1184 56.25000000000001 87.50034678183684
1185 68.78852884569814 49.99999295237806
1186 68.77280989215608 49.99999046168361
1187 56.25 56.25
1188 68.76762766051878 43.75000000000001
1189 68.83711041806811 43.75
1190 68.79888037895233 49.9999917417937
1191 81.25 25.0
1192 68.2174326496991 18.75
1193 68.80966032918627 43.75
1194 68.42727314861015 49.99999031627574
1195 56.25 49.99998419735067
1196 68.75 31.25
1197 71.75336945007481 68.75
1198 62.5 62.5
1199 56.25 62.5
1200 56.25000000000001 62.5
1201 56.25 68.75
1202 62.5 68.75
1203 56.25 56.25
1204 56.25000000000001 56.25000000000001
1205 62.5 56.25
1206 56.24999999999999 56.24999999999999
1207 62.49999999999999 56.24999999999999
1208 62.5 62.5
1209 56.25 87.50048218098742
1210 56.24999999999999 87.50050524474274
1211 56.25 87.5
1212 68.2033860102565 18.75
1213 68.40417938367187 37.50000000000001
1214 68.406872344778 31.25
1215 68.76641668557569 37.50000000000001
1216 56.25 37.5
1217 62.5 81.25
1218 68.7203620264911 62.50000000000001
1219 62.5 87.5
1220 68.74999905859981 75.00004255971027
1221 62.50000000000001 81.25
1222 56.25 62.50000000000001
1223 68.75 62.5
1224 68.75 18.75
1225 56.25 53.387272364492425
1226 56.24999999999999 53.352232198053365
1227 62.5 53.363208900808075
1228 56.25000000000001 53.37520698088803
1229 56.25 56.25
1230 68.72342594581539 81.25
1231 56.25 53.37488792796739
1232 62.5 53.36520065379987
1233 62.5 87.50991125602879
1234 68.7499628935661 68.75000000000001
1235 56.25000000000001 87.50041426702377
1236 62.5 81.25
1237 56.25 53.37855465863286
1238 68.81799745093888 43.75
1239 56.25000000000001 53.377485081321076
1240 62.50000000000001 81.25
1241 68.43237789906806 49.999991448018
1242 94.27083333333333 87.5
1243 81.25 25.0
1244 94.1899983538643 25.0
1245 94.14627287442728 25.0
1246 6.06449267909053 75.20051305454699
1247 5.82661718514756 81.5492125984252
1248 12.376576708708226 75.1511419699869
1249 12.376576708708226 75.15114196998688
1250 12.286525791242182 75.11492054179594
1251 12.282495619027708 81.40243902439025
1252 75.01332306441917 54.92306854084247
1253 31.25 75.0
1254 12.414837424466471 68.75000004817639
1255 18.68483863451229 81.25
1256 12.389641050679382 68.75000006177912
1257 12.394323178313753 68.75000005900255
1258 12.400835453486588 68.75000006106076
1259 18.7132736955151 62.500000090062585
1260 18.705057755503983 62.500000110587386
1261 18.70864276468182 68.75
1262 12.405280973239012 68.75000502120719
1263 18.74999129551101 75.00346911377176
1264 25.0 57.60503350104825
1265 24.93581461956646 87.50305076070615
1266 24.99035647855906 62.50000000061176
1267 25.0 62.5
1268 24.970872669859492 56.80253135986136
1269 24.942972877566596 87.50293564531233
1270 24.941811035110177 87.50305076070615
1271 18.7499091285343 68.75
1272 18.75 62.5
1273 37.5 75.00000073865492
1274 31.25 75.00000020805393
1275 31.25 75.00000021263237
1276 31.25 75.00000034288595
1277 31.25 81.25
1278 31.25 75.00000037583713
1279 31.250000000000004 81.25000000000001
1280 37.5 81.25
1281 31.250000000000004 81.25
1282 24.979518948956105 57.08754613657321
1283 31.25 81.25
1284 31.25 81.25
1285 31.25 75.00000053343824
1286 37.5 75.0000008771347
1287 31.25 75.00000067528426
1288 31.249999999999996 75.0000007624835
1289 31.249999999999996 81.25
1290 37.5 81.25
1291 31.25 81.25
1292 24.949187796297466 56.71424421787634
1293 24.961494794633204 55.903253754744995
1294 31.25 81.25
1295 31.25 81.25000000000001
1296 37.5 81.25
1297 31.249999999999996 75.00000031226232
1298 18.75 81.25
1299 18.749982029030242 75.00337680572096
1300 18.749248107386624 75.00136929039708
1301 12.38671252580213 75.01195604191585
1302 18.72347913551085 75.00346129056283
1303 24.988173203652106 75.00320013750755
1304 24.987414405580207 68.75000368393931
1305 24.985184014789365 62.500008194757044
1306 24.982836755698518 75.00342350666686
1307 24.976345681372123 62.5000081950785
1308 24.989843509528896 68.75026805054608
1309 24.989974102978554 68.75000389246418
1310 24.98372260192808 81.25
1311 24.98308403686086 75.00342083450087
1312 24.98856466291876 68.75027953842664
1313 24.98003902184387 75.00344929300785
1314 18.719059405940595 62.5
1315 24.97970546796701 75.00354993568803
1316 24.985823699593666 68.75000355690692
1317 24.985407846323373 62.50000851022843
1318 24.982395120297454 81.24999999999999
1319 24.985482730319546 81.24999999999999
1320 24.984665842288205 68.75026206727497
1321 24.974073888728753 62.50000651369707
1322 18.74903567114856 81.25000000000001
1323 24.979538665328654 87.53220805320602
1324 24.98007453892443 93.77881267060755
1325 24.990932278162546 68.75000441284709
1326 24.98029668082581 81.25000000000001
1327 18.749578608878732 75.00380517425049
1328 24.979481947780425 81.25000000000001
1329 24.979045137956174 75.00344499488637
1330 24.97864047881812 75.0035115771833
1331 18.749543271457 75.00338464940066
1332 24.97979230649749 81.25
1333 24.981652961654678 75.00349159672894
1334 24.98049190959331 75.0034064579467
1335 24.98444708874966 81.25000000000001
1336 24.98506666957247 81.25
1337 18.748996606510197 81.25
1338 24.98469560889742 81.25
1339 24.971403379451942 56.76017175149326
1340 24.967526387059433 56.81747295820682
1341 24.959534610789685 56.94035986915852
1342 31.250000000000004 81.25
1343 18.75 62.5
1344 12.406586969192553 62.500567626476894
1345 12.404620761543878 62.50057983170598
1346 18.749931558385025 81.25
1347 24.984103190396063 93.80812643113869
1348 12.423062453255838 68.75045681484495
1349 12.423062453255838 68.75045681484498
1350 18.74879068932322 81.25
1351 18.748686569665278 81.24999999999999
1352 24.94223203297812 87.50194233088715
1353 18.749997831756477 75.00319528572061
1354 12.39926311358633 62.50009783996345
1355 18.74888902810417 62.500000073547284
1356 18.74888902810417 62.500000073547284
1357 18.748714881345812 62.50000008024373
1358 12.395058256496107 75.01303814662052
1359 18.68365374137998 87.50302490929204
1360 12.3985713456629 81.33928571428571
1361 18.690348009502614 87.55848469029739
1362 24.877802745241404 93.80681818181819
1363 12.387705128641192 62.50004306865959
1364 18.686815780201556 81.25
1365 18.7133198742456 68.74999999999999
1366 18.713931150831844 68.75
1367 18.686212840249812 81.25
1368 18.74675869406106 62.500000023849935
1369 18.74997490599928 75.00126657071311
1370 24.979068245872455 62.50000038449152
1371 18.74800689666089 68.75
1372 18.748038898868113 68.74999999999999
1373 18.74774987786646 68.75
1374 18.747809374009247 68.74999999999999
1375 18.74893760982907 68.75
1376 24.974395944023822 62.5000003325287
1377 18.69047619047619 56.931523585256166
1378 31.249999999999996 81.25000000000001
1379 24.974845231626052 56.855525280907976
1380 24.98640232034745 62.500000000872674
1381 12.329027228325826 75.00165462649733
1382 6.018518518518518 75.23213910196908
1383 5.9523809523809526 75.28571428571429
1384 6.018518518518518 81.48148148148148
1385 12.370475362257812 62.50004981857042
1386 12.31060606060606 75.0
1387 12.408086452491679 62.50000869131157
1388 6.101190476190476 62.5
1389 37.5 81.25000000000001
1390 24.969262100425976 93.86936677823118
1391 24.968270988900365 93.87378777001753
1392 24.97258582353783 93.8544459309523
1393 31.250000000000004 81.25
1394 31.25 81.25
1395 31.250000000000004 81.25
1396 24.96906633123913 68.80787786718747
1397 5.989583333333333 75.00073982304856
1398 18.720400261826494 75.00330615529553
1399 24.951524112156907 87.51318655746832
1400 24.945009495828593 87.5119651769791
1401 24.956146306343587 87.51410483205845
1402 12.38246217923014 68.80252868596378
1403 71.37128447089451 54.05983472305985
1404 56.25 12.499866603064412
1405 68.0510706232049 6.249921634011322
1406 62.5 12.499847471098166
1407 62.50000000000001 12.499847471098166
1408 49.92099288416097 52.08007085261073
1409 68.05593963152323 6.249922183305634
1410 68.04726829155854 6.249921263486551
1411 31.24282602987051 68.75720044193326
1412 31.24268023526151 62.507482208213375
1413 87.5077064415141 56.25601467163489
1414 75.01566307180275 75.00104587828454
1415 75.01569527390531 75.00104803677934
1416 81.25669883400715 81.24999999999999
1417 75.01558314158494 75.0010405207438
1418 87.50743473427349 56.25602091739982
1419 87.50741696623805 62.5
1420 81.25657383014727 75.0010385033876
1421 75.0157953301677 81.25000000000001
1422 75.01639333532728 62.49999999999998
1423 87.50752408685881 62.5
1424 93.76318891279874 55.04454317603674
1425 87.5000188688332 75.00129127778882
1426 71.36882922454761 87.50002807237948
1427 71.37958932729063 93.75
1428 71.42096600605291 93.75
1429 71.40716648202232 93.75
1430 71.39086172746113 87.50001966618923
1431 71.30431822871452 87.50003148171491
1432 71.3895725343232 87.50003015505949
1433 71.39582598907917 87.5000286340083
1434 71.33474999319172 93.75
1435 68.72973851153925 87.51533987516302
1436 71.30481838383315 87.50002708191646
1437 56.194007501003 93.75007136445917
1438 68.72256916386542 93.75027396825622
1439 87.51027496566358 87.50006856351409
1440 71.30613797763199 93.75
1441 71.33974269234851 93.74999999999999
1442 71.1717610231263 93.75
1443 71.1883679423533 93.75
1444 93.76824200171143 54.67993117912457
1445 94.64285714285714 12.142857142857142
1446 93.96551724137932 87.58620689655173
1447 93.97421078467141 54.652588768858905
1448 71.45025513660953 87.5000038722897
1449 68.72508662568518 87.5189864377035
1450 68.73098035200977 93.75026545992529
1451 68.73121232248238 93.7502622027483
1452 87.5106580029117 87.50006983376417
1453 87.50899494160974 87.50006348320323
1454 87.50002396688805 81.25
1455 87.50004940727796 75.00113623227547
1456 93.8953488372093 54.90361141937152
1457 94.64285714285714 25.0
1458 18.75 37.5
1459 31.243905075941406 43.74100375473755
1460 31.24315485247737 43.739879224079736
1461 31.146492004661603 43.7339964508503
1462 31.110378571967882 12.299585181243993
1463 100.0 12.5
1464 37.477521237511844 43.75
1465 37.48869636462267 43.566746665365855
1466 37.483315761361254 43.587108146991866
1467 6.145833333333333 51.73689761156086
1468 94.64285714285714 12.5
1469 4.6875 4.6875
1470 31.25 24.887073082194323
1471 31.24225749134424 12.27736907258013
1472 31.2426126913079 12.286811863051254
1473 37.49056469617349 6.104651162790698
1474 5.357142857142857 12.5
1475 5.9375 30.9375
1476 12.26281183505734 31.0546875
1477 31.239515708558958 43.52088240833212
1478 31.23677711443963 43.60940712518977
1479 5.8846784613351835 37.47982859524291
1480 31.249718958926515 5.809737569060774
1481 81.45267759613196 5.8855527026428796
1482 12.351395352589885 11.890504835414369
1483 81.45267759613195 5.8855527026428796
1484 87.87934981684982 5.803571428571429
1485 81.45799463763956 5.875702775687281
1486 31.242671898299648 62.50551603018301
1487 62.50000000000001 18.749999999999996
1488 56.25 18.750000000000007
1489 56.25 6.249948140089904
1490 56.24999999999999 6.237372687373607
1491 62.50000000000001 6.247340866956042
1492 62.49999999999999 18.749999999999996
1493 68.0866194009437 12.499800484613623
1494 68.06545181185292 12.499794914483235
1495 43.75 52.094111348437636
1496 56.25 6.2499480355336345
1497 56.250000000000014 24.998994811294807
1498 43.75 52.09261955003599
1499 56.25000000000001 24.99902214509496
1500 56.24999999999999 24.998981988310714
1501 68.05250740770968 6.249921817969041
1502 56.24999999999999 24.99898268865436
1503 68.07726823696446 12.499797738385094
1504 68.08417677150747 12.499800032099133
1505 43.74188378174639 75.0024889765264
1506 43.74167187526333 75.00255473480969
1507 93.76414009517981 81.25001374804106
1508 87.51516082283894 81.25528372669197
1509 93.76315801082644 68.75
1510 93.76414043089638 75.0005498236788
1511 93.7632693112829 56.25605895626496
1512 87.51516082283894 81.25001180660317
1513 93.76314438969732 68.75
1514 93.76414009517983 81.25697365895421
1515 87.51515977256786 75.00056394066603
1516 87.51516082283894 81.25528372669196
1517 93.7631582250674 62.49999999999999
1518 93.76414009517983 81.25001374804107
1519 93.76315801082643 68.74999999999999
1520 93.76326931128288 56.25605895626497
1521 93.76325547468701 56.256052631675956
1522 87.51477224123619 87.50742922102475
1523 93.7641400951798 81.25001374804106
1524 93.76315822506739 62.49999999999999
1525 93.76315801082643 68.75000000000001
1526 93.76326931128288 56.25605895626497
1527 93.76412470183928 75.00054921524587
1528 93.76314438969732 68.74999999999999
1529 93.76414043089636 75.0005498236788
1530 93.7632141374967 56.256033736884056
1531 81.25653764270093 68.75
1532 75.01643887884597 55.05418881193063
1533 93.76314460371627 62.49999999999999
1534 93.76314438969733 68.75
1535 75.01635547030996 55.05365499606923
1536 81.25654448827538 56.25597091783596
1537 75.01568437437287 93.75660671470514
1538 75.01565185938118 93.75659289312624
1539 81.25667081314081 87.5068790041332
1540 75.01561947890478 93.7565791292575
1541 75.01560230519244 87.50674201666499
1542 75.0 31.25
1543 70.82934951101235 53.96787790755408
1544 74.99999999999999 31.250000000000004
1545 74.99999999999997 31.249999999999993
1546 75.0 43.75
1547 81.25 43.75
1548 75.0 43.749999999999986
1549 74.99999999999999 31.250000000000004
1550 75.00000000000001 43.75000000000001
1551 75.0 43.75000000000001
1552 75.0 49.999892028966784
1553 81.25 49.9998970169313
1554 75.0 49.999889624457545
1555 81.25 31.25
1556 75.00000000000001 49.99988952296562
1557 75.0 37.5
1558 75.0 43.74999999999999
1559 81.25 43.750000000000014
1560 56.25 56.25
1561 56.25 53.335405360310276
1562 56.25 53.38272254700808
1563 62.5 53.4011651729374
1564 75.0 43.75000000000001
1565 75.0 43.75
1566 56.25 53.357411772338374
1567 56.25000000000001 53.354378325942214
1568 81.25 49.999908354199384
1569 56.25000000000001 53.365065846541526
1570 56.25 53.36459889723776
1571 56.25 53.36836275008683
1572 56.24999999999999 53.36154513663741
1573 56.25 53.35508307438664
1574 68.93400277082864 18.75
1575 68.85121314727452 6.25
1576 68.75 62.5
1577 70.95756532181505 54.046882217058545
1578 68.08399663986893 12.5
1579 75.00000000000001 31.250000000000004
1580 68.15877625009611 18.75
1581 75.0 37.5
1582 81.25 43.75
1583 75.00000000000001 37.50000000000001
1584 74.99999999999999 43.74999999999999
1585 74.99999999999999 43.75
1586 75.0 43.75000000000001
1587 75.0 31.25
1588 56.25000000000001 53.32906509725753
1589 56.25 24.999779595847052
1590 68.08808901593846 12.499999999999998
1591 56.25 24.999779595847052
1592 62.5 24.999769746200858
1593 74.99999999999999 37.49999999999999
1594 75.0 37.5
1595 75.0 31.25
1596 74.99999999999999 37.49999999999999
1597 75.0 43.75
1598 81.24999999999997 43.74999999999999
1599 75.0 37.5
1600 75.0 31.25
1601 74.99999999999999 31.249999999999996
1602 75.0 43.75
1603 81.25 49.99988963018993
1604 81.25 49.99988952273254
1605 75.0 49.99988570333767
1606 81.25 43.75000000000001
1607 81.25 49.99988927281333
1608 75.00000000000001 49.999891308899926
1609 75.00000000000001 49.999890917256096
1610 75.00000000000001 49.99988764845573
1611 74.99999999999999 49.99991012585497
1612 75.0 37.5
1613 75.0 31.25
1614 81.25 43.75
1615 31.179926176081114 93.75062901063554
1616 37.48423967681601 87.50000579926343
1617 37.48718200699243 87.50000982441247
1618 37.47743343432809 87.50000911140326
1619 56.25 62.5
1620 56.25000000000001 68.75
1621 56.250000000000014 62.50000000000001
1622 56.25 68.75
1623 56.25 68.75
1624 37.47329187667305 87.5
1625 37.47743343432809 87.50000911140326
1626 68.74431140004695 62.5
1627 68.71183468277853 62.499999999999986
1628 56.25 62.5
1629 56.25 62.5
1630 62.50000000000001 62.50000000000001
1631 68.70927989408418 62.5
1632 56.25 56.25
1633 56.24999999999999 62.5
1634 62.5 62.5
1635 56.25000000000001 56.25000000000001
1636 56.24999999999999 56.24999999999999
1637 56.24999999999999 56.24999999999999
1638 100.0 75.0
1639 100.0 12.5
1640 31.17925245719353 93.75063511753494
1641 31.186842576047574 87.50207286533583
1642 31.19010951041986 87.50196739566235
1643 31.182497467099672 93.75060571394536
1644 6.065735897159175 62.5
1645 31.155886844585496 87.501626174693
1646 31.148455492048743 93.75049185794059
1647 31.148455492048747 93.75049185794059
1648 6.1089553444710685 62.50000000000001
1649 6.108955344471069 62.50000000000001
1650 49.90828190409252 93.75885269121812
1651 49.90580299489826 81.2585264935364
1652 31.249944480895586 68.75720044193328
1653 31.24738183852656 68.75720044193328
1654 56.25000000000001 6.2499480355336345
1655 49.916671197432684 93.75885269121814
1656 31.24267189829965 62.505516030183
1657 31.242692162384262 56.25087157449461
1658 43.75 62.500000661737246
1659 49.90817227563681 87.50929699256535
1660 62.500000000000014 6.236945856561032
1661 43.75 68.75
1662 43.74999999999999 62.50000066244116
1663 31.242696852406148 62.50039523377336
1664 43.75000000000001 62.50000066244116
1665 43.75 56.25087001793842
1666 56.25000000000001 24.998982694072282
1667 56.24999999999999 18.749999999999993
1668 56.25000000000001 18.75
1669 56.25000000000001 18.749999999999993
1670 56.250000000000014 24.99898269407228
1671 49.920335170606684 68.75001653395412
1672 43.75000000000001 62.50000066314656
1673 43.75 62.50000066244116
1674 43.74999999999999 62.50000066244117
1675 37.49965739135596 68.75
1676 49.920109895669206 62.50003400061996
1677 43.74149421317722 75.01081638846823
1678 49.90585420235794 81.2585264935364
1679 62.5 18.750000000000004
1680 49.90810460344931 87.50929699256535
1681 56.24999999999999 12.499866603064412
1682 68.05180038593473 6.249921634011321
1683 56.25 18.750000000000004
1684 43.74999999999998 62.50000066244116
1685 56.25000000000001 6.249948035533633
1686 56.25 6.2499480355336345
1687 68.06647888884851 12.499794437346361
1688 49.911276678990674 81.25852649353641
1689 49.908228319134736 93.75885269121812
1690 56.25 18.749999999999993
1691 56.24999999999999 24.99898676937426
1692 56.25000000000001 24.998982694072282
1693 56.25 18.749999999999993
1694 43.75 68.74999999999999
1695 43.74999999999999 62.50000066314656
1696 49.920169422103534 68.75001653395412
1697 49.92014517795529 68.75001653395414
1698 49.89593324266779 75.01127399079667
1699 56.250000000000014 18.75
1700 37.49965781439717 62.50000456882784
1701 62.5 12.499847787093433
1702 49.9197308225914 56.25087123751592
1703 49.92030945689863 62.50003403912725
1704 49.92041720651864 62.500034000619955
1705 56.24999999999999 12.499866603064412
1706 68.8978730567081 6.25
1707 56.25 24.998982694072275
1708 68.05638324601033 12.499792012717592
1709 56.25 12.499866603064413
1710 56.25 12.499866603064413
1711 49.916498960664214 87.50929699256535
1712 31.247381838526557 68.75720044193328
1713 56.25 12.49986660306441
1714 49.9139434824099 81.25852649353641
1715 68.05408068649463 6.249922001065133
1716 49.920329829209905 68.75001653395412
1717 68.04912975469907 6.2499214491858766
1718 43.75 62.50000066385344
1719 49.920509260945984 56.250872230945255
1720 43.74188378174638 75.00248897652638
1721 43.741671875263336 75.0025547348097
1722 68.04546656816511 6.232148565058794
1723 81.25653757342458 62.50000000000001
1724 75.01657521524875 62.50000000000003
1725 81.25653092286001 62.49999999999999
1726 75.01537909014549 75.00102684461909
1727 75.01655859988323 62.499999999999986
1728 75.01650895300541 62.49999999999999
1729 75.01627584716553 68.75
1730 75.01566307180278 75.00104587828457
1731 75.01566307180276 75.00104587828454
1732 87.50951232463566 55.06366144227054
1733 75.01581168483197 81.25000000000001
1734 87.50743444965154 56.25603973276669
1735 81.25669121983861 75.0010570111096
1736 81.25670590029596 81.25000000000001
1737 93.77109226425658 81.25530328033504
1738 75.01579533016769 81.25
1739 75.01578093550732 87.50028208087461
1740 81.25669883400717 81.25000000000001
1741 81.25653092285998 62.50000000000001
1742 75.01578093550732 87.50683063878358
1743 81.25673441199272 87.50299013451684
1744 75.01576452757446 87.50028178570932
1745 81.25669178259483 81.25
1746 81.25653776909526 56.25596478122976
1747 75.01655776814056 68.75000000000001
1748 87.50769666013697 55.06496166853812
1749 87.50767849104722 56.255971311489205
1750 81.2567348507013 93.75669154268311
1751 81.25654448827537 56.25597091783597
1752 81.25654448827535 56.25597091783596
1753 75.01633889006058 55.046888055307406
1754 87.50749303463066 68.75000000000001
1755 81.25653768539631 55.06837134755232
1756 93.76326931128288 56.25605895626497
1757 87.50752393969539 68.75
1758 75.01577900929394 81.25000000000001
1759 75.01577636132734 75.00105347219404
1760 87.50769666013697 55.064961696370894
1761 81.25668419862963 75.00105590667548
1762 87.51515977256786 75.00056394066603
1763 81.25653096628812 55.0677497617874
1764 87.50744654822395 55.06270899531371
1765 87.50744989247899 56.256052341812136
1766 87.50740752664552 56.25601467163487
1767 87.5075239396954 68.75000000000001
1768 75.01657521524875 62.5
1769 87.5075240868588 62.49999999999999
1770 81.25665626052708 75.00105047642099
1771 81.25653776909527 56.25596478122976
1772 75.01638873195708 55.060766803511115
1773 75.01563565238085 93.75658600400074
1774 75.0153495801278 87.50663227716043
1775 75.01553834706735 87.50671424273975
1776 87.51023843865826 87.50728025439663
1777 87.50738454044989 87.50728025439663
1778 75.01560230519246 87.50674201666499
1779 75.01563565238082 93.75658600400074
1780 81.25666382067446 87.50687181549597
1781 75.01563565238082 93.75658600400072
1782 75.0157662558846 93.75664152352866
1783 75.01573340091535 93.75662755607642
1784 81.2566841986296 75.00105590667548
1785 75.01581168483202 81.25
1786 75.01581168483199 81.25000000000001
1787 75.01581168483199 81.25000000000001
1788 75.01657521524874 62.49999999999999
1789 87.50818929757007 81.25001170269465
1790 81.25653092286001 62.5
1791 75.01657521524876 62.50000000000002
1792 81.25653092286002 62.5
1793 75.01577636132734 75.00105347219402
1794 81.25653092286002 62.49999999999999
1795 81.25653092286001 62.49999999999999
1796 75.01577636132733 75.00105347219402
1797 75.01581168483199 81.25
1798 75.01577900929394 81.25
1799 81.25669883400717 81.24999999999999
1800 87.50820725787383 81.25001172849994
1801 81.25668484219005 87.50034209294499
1802 87.50822619015081 81.25001175441929
1803 87.50820859144339 81.25001172849994
1804 75.01581168483199 81.25
1805 75.01633667630777 56.257172571741926
1806 75.01652464428447 62.50000000000002
1807 75.01576007689782 75.00105238060577
1808 81.25665626052711 75.00105151325961
1809 75.01657521524875 62.5
1810 75.01651897097494 62.5
1811 93.76417162272446 81.25001377872864
1812 81.25673485070129 93.75669154268311
1813 93.76415619502379 75.00055043346131
1814 87.51510968172288 75.00056207858165
1815 75.01652546886115 62.5
1816 71.89754868615725 62.5
1817 71.77416741854526 62.5
1818 72.00918284958559 75.0
1819 68.75 75.0
1820 71.66805916377135 62.5
1821 71.58847972092371 68.75
1822 71.63684688531787 62.50000000000001
1823 71.58619383646233 68.75
1824 71.85151263672576 68.75
1825 71.80943195847904 62.5
1826 72.002142288447 75.0
1827 71.86259911092762 62.5
1828 72.03658590862246 75.0
1829 71.7964992363492 62.5
1830 72.0244566556232 75.00000000000003
1831 71.99924932054728 75.0
1832 72.01637264777399 74.99999999999999
1833 72.01609704202927 75.0
1834 72.0483416624157 75.0
1835 72.0072182478712 75.0
1836 71.9956677314169 75.00000000000001
1837 71.99522004113956 81.25
1838 68.75000000000001 75.0
1839 68.75 74.99999999999999
1840 68.75 75.0
1841 72.00411370699733 75.0
1842 68.75 75.0
1843 72.02445652158153 75.00000000000001
1844 72.0413951744492 75.0
1845 72.0446919855404 75.00000000000001
1846 71.99740827544935 75.0
1847 71.88500210876951 62.50000000000001
1848 72.01440748075842 75.0
1849 71.92299113013212 62.5
1850 72.01871536722163 81.25
1851 94.25421284922808 24.965797688453343
1852 94.11955885399162 18.75
1853 93.95179422750641 24.988062092083286
1854 25.0 3.125
1855 87.56180674640251 24.998352349145026
1856 81.25 25.0
1857 68.747499036059 81.25000000000003
1858 87.70870924053838 24.99511371211839
1859 87.62899628626072 24.996940935225027
1860 71.89061657858336 62.5
1861 87.5103073009468 54.97166477597888
1862 68.74992670210021 68.75
1863 12.394568067055676 87.6295701139728
1864 12.399737658940046 87.62957011397278
1865 12.43447344493438 87.6417933632375
1866 18.705058883431867 87.61588857192967
1867 18.705058883431867 87.61588857192964
1868 18.704406965095004 93.83678207555675
1869 18.704995265020813 93.83565503561445
1870 18.705058883431867 87.61588857192964
1871 18.704995265020813 93.83565503561444
1872 12.399737658940044 87.62957011397279
1873 18.705058883431867 87.61588857192966
1874 18.706189472496423 87.61296152430644
1875 12.394568067055676 87.62957011397278
1876 18.704995265020813 93.83565503561447
1877 18.70563137913551 87.61443713037963
1878 18.704406965095 93.83678207555678
1879 18.704406965095 93.83678207555677
1880 18.704406965095004 93.83678207555677
1881 18.704406965095004 93.83678207555675
1882 18.70505888343187 87.61588857192964
1883 18.70505888343187 87.61588857192964
1884 5.357142857142857 94.64285714285714
1885 6.071428571428571 94.64285714285714
1886 12.172537787156664 94.53125
1887 37.5 95.83333333333333
1888 37.5 95.83333333333333
1889 93.95833333333333 94.79166666666667
1890 37.5 95.83333333333333
1891 37.5 95.83333333333333
1892 37.5 95.83333333333333
1893 6.071428571428571 94.64285714285714
1894 37.5 95.83333333333333
1895 24.90531559965856 94.64285714285714
1896 5.357142857142857 94.64285714285714
1897 37.5 95.83333333333333
1898 12.5 95.0
1899 93.95833333333333 94.79166666666667
1900 87.5 95.0
1901 93.75 94.79166666666667
1902 87.5 94.79166666666667
1903 37.5 95.83333333333333
1904 37.5 95.83333333333333
1905 71.76056875034018 62.5
1906 68.75 62.5
1907 68.75 62.5
1908 71.42374373571337 62.5
1909 71.16156671960951 56.25
1910 71.16370249067029 56.25
1911 71.16362953457492 56.25
1912 68.73360712969617 53.8896091525755
1913 68.66110883127114 53.73040739202802
1914 68.66986608114969 53.70777643411853
1915 56.25 93.92073170731707
1916 81.26961162089059 6.089596700274977
1917 75.29876079465716 12.5
1918 75.0111350845094 18.75
1919 68.75 62.5
1920 71.2185692707327 54.1381360812185
1921 68.6266458019005 62.5
1922 87.5 75.0
1923 56.25 75.00044678704967
1924 5.777983008629887 81.58661417322834
1925 4.6875 4.6875
1926 56.25000000000001 75.00044163078131
1927 56.25 75.00038138801082
1928 62.49999561036222 81.25
1929 56.25000000000001 75.00046652687551
1930 56.25000000000001 81.24999999999999
1931 56.249999999999986 75.000392889184
1932 56.25 75.00039289171946
1933 56.24999999999999 75.00040391309257
1934 68.75 87.50279566858335
1935 71.01745982372817 87.5
1936 56.25 62.5
1937 31.25 31.25
1938 56.25 62.50000000000001
1939 12.494444444444445 75.18304338133036
1940 12.494444444444445 81.25
1941 31.25 43.15198859244506
1942 25.0 55.04735554222428
1943 56.25000000000001 62.5
1944 56.25 62.49999999999999
1945 56.25000000000001 62.5
1946 56.249999999999986 62.49999999999999
1947 56.25 68.75
1948 62.49999506239983 81.25
1949 56.250000000000014 62.50000000000001
1950 62.5 68.75
1951 56.250000000000014 62.5
1952 56.25 62.499999999999986
1953 56.24998690771855 87.50105587227665
1954 62.499996734909814 75.00017653046507
1955 62.49999592867105 81.25
1956 62.5 62.5
1957 62.499994590134705 75.0001872820181
1958 56.25 75.00039302702561
1959 0.0 81.25
1960 56.20104178251845 93.7500628715824
1961 68.72914582429345 87.51865289432675
1962 56.244189151223644 93.7500870646402
1963 56.25000000000001 68.75
1964 56.25 81.25
1965 56.25 81.24999999999999
1966 31.25 75.0
1967 56.24999999999999 81.25
1968 56.25 81.25
1969 56.25 87.50051210868644
1970 56.24999999999999 81.25
1971 31.25 75.0
1972 25.0 57.28366492976997
1973 12.485939968404423 81.25
1974 12.404296998420222 75.13192113954186
1975 56.25 81.25
1976 56.249949349756804 87.50067275776522
1977 56.24994934975682 87.50067275776523
1978 56.25 81.25
1979 56.24994230726999 87.50158266655131
1980 56.25 81.25
1981 68.73074258166821 93.75026879904384
1982 68.7302487489942 93.75027573579338
1983 68.72473197480858 93.75026382128377
1984 56.2017190302836 93.75006199225956
1985 56.20171902912833 93.75006199225957
1986 68.73091886463486 87.51933060389875
1987 56.201719030283606 93.75006199225956
1988 56.20395443720444 93.75839243262078
1989 68.69475647394748 93.75026711904982
1990 56.19925588518531 93.75006518303763
1991 68.73104007925137 87.51822747832347
1992 68.73102852539596 87.51822747832347
1993 68.7310993013852 87.51933060389875
1994 6.041666666666667 81.45833333333333
1995 68.72908748750582 87.51796136289771
1996 4.6875 75.0
1997 0.0 75.0
1998 5.357142857142857 81.25
1999 71.19359762868821 87.5
2000 5.208333333333333 93.95833333333333
2001 12.5 4.166666666666667
2002 95.83333333333333 5.833333333333333
2003 68.55925975100733 75.0
2004 56.25 62.5
2005 56.25 62.5
2006 56.25000000000001 62.50000000000001
2007 4.6875 75.0
2008 4.166666666666667 12.5
2009 62.5 62.5
2010 5.208333333333333 94.79166666666667
2011 5.208333333333333 87.91666666666667
2012 62.49999794088892 75.00006012532322
2013 62.499998502680306 75.00008023128542
2014 3.125 37.5
2015 62.499998514759284 81.25
2016 62.49999952101022 75.00006404323125
2017 4.166666666666667 95.83333333333333
2018 56.24999999999999 75.00023811919229
2019 6.036230922365315 75.14110736474714
2020 68.74112625808364 87.5036437173121
2021 96.875 25.0
2022 12.5 18.75
2023 5.833333333333333 12.333333333333334
2024 5.914747017688194 18.75
2025 5.46875 37.5
2026 6.173899629781983 18.75
2027 94.23076923076923 94.23076923076923
2028 68.75 75.0
2029 75.01714257306087 62.5
2030 81.25 31.25
2031 81.25 31.25
2032 81.25 31.25
2033 81.25 31.25
2034 68.44773272365443 62.5
2035 81.25 31.25
2036 94.34038692225779 18.749999999999996
2037 94.31818181818181 87.5
2038 87.77556033049362 12.492242781179703
2039 93.75 49.97458437034069
2040 75.10743028017953 18.75
2041 75.1302612908971 18.75
2042 24.88542634193626 87.5
2043 93.88888888888889 94.44444444444444
2044 87.50001328750483 31.25
2045 75.22009012590743 24.999991388991504
2046 87.63653817969313 18.696196325242944
2047 75.31942978758202 24.999994352948168
2048 87.5000009881776 49.9845919023598
2049 81.25 31.249999999999996
2050 56.25 56.25
2051 75.19433517687398 18.75
2052 75.24129973981594 18.75
2053 87.50000118244174 43.75
2054 93.75 43.75
2055 87.50001350584067 31.249999999999993
2056 87.50001297525978 37.50000000000001
2057 93.75096020362123 31.25
2058 87.94503122021617 18.75
2059 93.85090943763349 18.75
2060 81.46961040454742 12.5
2061 87.50236380415743 54.61427022419426
2062 87.51749428977963 93.95933014354067
2063 87.54742473083158 87.53603754671092
2064 93.9943541351417 12.243060156936316
2065 93.75 18.75
2066 87.50013229539067 31.250000000000004
2067 93.7500040930295 37.5
2068 93.75045323958122 31.249999999999986
2069 93.82327896672066 31.250000000000004
2070 93.75100688235851 31.249999999999982
2071 93.75100688235851 31.250000000000004
2072 93.75097146286767 31.25
2073 93.75086950408021 31.249999999999993
2074 93.75086496493233 31.250000000000004
2075 93.75000707348863 37.5
2076 93.75043309728419 31.249999999999996
2077 93.75044592006378 31.249999999999993
2078 93.75097146286768 31.249999999999996
2079 93.75100688235854 31.250000000000007
2080 81.3079916504355 18.750000000000004
2081 81.30731938949592 18.749999999999996
2082 75.32711627700645 18.75
2083 93.7500073166246 37.5
2084 93.75000731662462 37.5
2085 75.47851205000302 24.998343294878467
2086 93.75089777180025 31.250000000000007
2087 81.37368444822512 18.749999999999993
2088 49.68427465502272 87.5
2089 43.74999999999999 87.49999999999999
2090 43.75 87.5
2091 43.75 93.75
2092 43.74999999999999 87.49999999999999
2093 43.75000000000001 81.25
2094 43.75 87.5
2095 43.75 81.25
2096 43.75 93.75
2097 49.68878591073842 87.50000000000001
2098 43.75 87.5
2099 43.75 93.74999999999999
2100 43.75000000000001 93.75000000000001
2101 31.21279761904762 93.78720238095238
2102 31.189903846153847 87.50071130770601
2103 43.75000000000001 81.25
2104 49.68692167775271 87.5
2105 43.75 93.75
2106 43.75000000000001 81.25
2107 43.75 81.25
2108 43.75 87.5
2109 93.74999999999999 49.97500655456724
2110 87.50000118244174 43.74999999999999
2111 87.50000116870451 43.75
2112 93.74999999999999 49.97467115607043
2113 87.50001321587523 37.49999999999999
2114 93.74999999999999 49.97481371700687
2115 93.75 43.75000000000001
2116 93.75 43.750000000000014
2117 87.50001310409861 37.5
2118 93.74999999999999 49.97476304869764
2119 75.0 12.5
2120 93.75000000000001 49.97466589339452
2121 93.75 49.97502201216905
2122 87.50000114337473 49.975930080214056
2123 93.75 43.75000000000001
2124 93.75 49.974763048697646
2125 87.50001334152357 31.249999999999996
2126 87.50001316653743 31.250000000000004
2127 93.75 43.750000000000014
2128 87.50001328780009 31.249999999999993
2129 93.75 43.75000000000001
2130 93.75 43.749999999999986
2131 87.50002697574257 31.250000000000007
2132 87.50002776816481 31.250000000000004
2133 93.75000000000001 43.749999999999986
2134 87.50000105630502 49.9764992281456
2135 87.50000108157708 49.97615208898469
2136 81.25 54.85515391891017
2137 93.76003441605982 31.25
2138 93.75 24.976621682694475
2139 87.50001328763543 31.250000000000004
2140 87.50000070184606 49.98246284699193
2141 87.50000111778954 43.75
2142 43.75000000000001 81.25
2143 43.75 87.5
2144 43.75 93.75
2145 43.74999999999999 87.49999999999999
2146 43.75 87.5
2147 37.498718829364826 87.5
2148 43.74999999999999 87.49999999999999
2149 43.75000000000001 87.50000000000001
2150 43.75 81.24999999999999
2151 87.72495063282844 24.99442704647888
2152 75.3640914965223 24.999995355277097
2153 75.32885683556854 24.999995804766414
2154 68.7476207827163 81.25000000000001
2155 68.72808584514124 81.25
2156 62.5 94.140625
2157 87.50000109951515 49.98023590753371
2158 87.50000060339269 43.75
2159 81.25 37.5
2160 81.25 31.25
2161 5.930874785006628 31.250000000000007
2162 5.942642047586648 31.25
2163 87.50000084158435 49.97746970170731
2164 75.11719666928676 18.75
2165 75.1432403735727 18.75
2166 81.2848211091895 12.5
2167 81.25 37.5
2168 56.24999999999999 93.98780487804878
2169 81.25000000000001 31.250000000000004
2170 81.25000000000001 31.25
2171 75.17368172119612 18.75
2172 81.29115221995121 12.499999999999998
2173 81.25 31.25
2174 18.75 37.5
2175 56.25 87.5
2176 93.75 43.75
2177 81.38628326464475 18.75
2178 81.25986351864402 18.75
2179 87.51298817322503 24.962703341114157
2180 87.5 43.75
2181 87.5 43.75
2182 87.58013860513654 24.997720826843477
2183 87.5 49.977321853806195
2184 87.5002402986788 31.25
2185 68.75 54.07443206927475
2186 87.50000724427484 31.25
2187 75.0 31.25
2188 87.5640870246412 24.96599370738944
2189 81.27678739503133 6.244271310724106
2190 81.25 37.49999999999999
2191 81.25000000000001 31.250000000000004
2192 87.74664042215899 12.490812875302714
2193 87.92040658077482 12.355138617546762
2194 87.8643348906692 12.349830977938424
2195 87.84090213168484 12.402075677760719
2196 93.99457220862895 12.374976888630192
2197 88.00752963920746 12.368732831532007
2198 87.90268379499562 18.748855240962616
2199 94.06474583923986 12.30641474155191
2200 94.09490896719217 12.314733436923463
2201 81.30731938949592 18.749999999999996
2202 94.53125 93.90625
2203 81.38699601801322 12.5
2204 94.14630556161548 18.75
2205 94.16351297532718 18.75
2206 94.23685917031254 18.75
2207 94.23375166240714 18.749999999999996
2208 94.1984510302491 18.75
2209 87.80563742545947 18.747150438465688
2210 87.7742810455573 24.970215506883722
2211 87.84722222222223 18.75
2212 75.011747213042 54.872526548211155
2213 75.0122286103625 54.86698166118349
2214 75.55733182063416 24.998913485788943
2215 87.59915389624271 93.98923444976076
2216 87.54487075963318 24.963590241385162
2217 81.27961644930497 18.75
2218 87.50014438883645 31.25
2219 87.50011833387455 31.249999999999996
2220 81.29961082212614 24.999448468689415
2221 87.5000000031923 43.75
2222 87.50000003185207 49.976202044760235
2223 81.25 24.999523654340155
2224 81.25 24.999500067856456
2225 87.5654696822001 18.7477304259843
2226 87.50000001400709 31.249999999999996
2227 87.5000000140183 31.250000000000004
2228 87.72328545742926 18.704205511215967
2229 87.72315099485661 18.704608519686044
2230 87.84478109927296 12.411728962861417
2231 87.50000042026495 43.75
2232 68.75 53.98117698635843
2233 87.5639461588333 18.747828905497666
2234 81.29287906380331 24.999363337405462
2235 31.184806952792137 87.50210447460613
2236 31.18445910432537 87.50214962174095
2237 31.2250233199562 87.50037873152608
2238 100.0 87.5
2239 31.17786540093701 93.75064769411978
2240 31.17856566029601 93.81191585398136
2241 6.103642772949256 62.50000000000001
2242 31.138322007533585 87.50091875886004
2243 6.1089553444710685 62.50000000000001
2244 31.138630761653864 87.50101608506955
2245 81.46359705845593 6.004194519456372
2246 43.75000000000001 62.50000066385346
2247 43.74999999999998 68.75
2248 43.74999999999999 68.75
2249 43.75 62.50000066385345
2250 49.92014234812846 62.50003403912725
2251 49.920157886308424 62.500034039127236
2252 49.92014320566059 62.50003403912724
2253 56.25000000000001 18.750000000000004
2254 56.25 12.499866603064412
2255 68.06272460856118 12.499793474309945
2256 68.05008033188844 6.249921449185876
2257 56.25 6.2499480355336345
2258 56.25 18.750000000000004
2259 49.916498960664214 87.50929699256535
2260 49.91649896066421 87.50929699256535
2261 49.90795681827841 87.50929699256535
2262 49.905900289071695 81.2585264935364
2263 56.25 12.49986660306441
2264 49.90423578055681 75.0032457492193
2265 43.75000000000001 68.75
2266 49.920167284507805 62.50003403912724
2267 43.74999999999999 68.74999999999999
2268 49.92033190290752 62.50003403912724
2269 43.75 68.75
2270 49.920329829209905 68.75001653395412
2271 49.9200795881525 62.50003403912724
